/*--------------------------------*- C++ -*----------------------------------*\
  =========                 |
  \\      /  F ield         | OpenFOAM: The Open Source CFD Toolbox
   \\    /   O peration     | Website:  https://openfoam.org
    \\  /    A nd           | Version:  7
     \\/     M anipulation  |
\*---------------------------------------------------------------------------*/
FoamFile
{
    version     2.0;
    format      binary;
    class       cellSet;
    location    "constant/polyMesh/sets";
    object      c_wing;
}
// * * * * * * * * * * * * * * * * * * * * * * * * * * * * * * * * * * * * * //


3280
(
33795 
33796 
33801 
33802 
33804 
33805 
33806 
33807 
33810 
33811 
33812 
33813 
33814 
33815 
33816 
33817 
33818 
33819 
33820 
33822 
33823 
33824 
33828 
33829 
33830 
33831 
33832 
33833 
33837 
33838 
33839 
33841 
33842 
33843 
33844 
33845 
33846 
33847 
33848 
33849 
33850 
33851 
33852 
33853 
33854 
33855 
33856 
33857 
33861 
33862 
33863 
33867 
33868 
33869 
33870 
33871 
33872 
33874 
33875 
33876 
33877 
33880 
33881 
33882 
33883 
33886 
33887 
33889 
33890 
33891 
33892 
33894 
33895 
33897 
33898 
33899 
33900 
33901 
33902 
33903 
33904 
33905 
33906 
33907 
33908 
33909 
33910 
33911 
33915 
33916 
33917 
33921 
33922 
33925 
33926 
33927 
33928 
33929 
33930 
33931 
33932 
33933 
33934 
33935 
33936 
33937 
33938 
33939 
33940 
33941 
33942 
33943 
33944 
33945 
33946 
33947 
33948 
33949 
33950 
33951 
33952 
33953 
33954 
33955 
33956 
33957 
33958 
33959 
33960 
33961 
33962 
33963 
33964 
33965 
37604 
37605 
37608 
37609 
37610 
37611 
37612 
37613 
37614 
37615 
37616 
37617 
37618 
37619 
37621 
37622 
37625 
37629 
37630 
37635 
37636 
37639 
37640 
37642 
37643 
37644 
37645 
37646 
37650 
37651 
37652 
37656 
37657 
37658 
37659 
37660 
37661 
37662 
37663 
37664 
37665 
37666 
37667 
37668 
37669 
37670 
37671 
37672 
37673 
37674 
37675 
37676 
37677 
37678 
37679 
37680 
37681 
37682 
37683 
37684 
37685 
37686 
37687 
37688 
37689 
37690 
37691 
37692 
37693 
37694 
37695 
37696 
37697 
37698 
37699 
37700 
37701 
37702 
37703 
37704 
37705 
37706 
37707 
37708 
37709 
37710 
37711 
37712 
37713 
37714 
37715 
37716 
37717 
37718 
37719 
37720 
37721 
37722 
37723 
37724 
37725 
37726 
37727 
37728 
37729 
37730 
37731 
37732 
37733 
37734 
37735 
37736 
37737 
37738 
37739 
37740 
37741 
37742 
37743 
37744 
37745 
37746 
37747 
37748 
37749 
37750 
37751 
37752 
37753 
37754 
37755 
37756 
37757 
37758 
37759 
37760 
37761 
37762 
37763 
37764 
37765 
37766 
37767 
37768 
37769 
37770 
37771 
37772 
37773 
37774 
37775 
37776 
37777 
37778 
37779 
37780 
37781 
37782 
37783 
37784 
37785 
37786 
37787 
37788 
37789 
37790 
37791 
37792 
37793 
37794 
37795 
37796 
37797 
37798 
37799 
37800 
37801 
37802 
37803 
37804 
37805 
37806 
37807 
37808 
37809 
37810 
37811 
37812 
37813 
37814 
37815 
37816 
37817 
37818 
37819 
37820 
37821 
37822 
37823 
37824 
37825 
37826 
37827 
37828 
37829 
37830 
37831 
37832 
37833 
37834 
37835 
37836 
37837 
37838 
37839 
37840 
37841 
37842 
37843 
37844 
37845 
37846 
37847 
37848 
37849 
37850 
37851 
37852 
37853 
37854 
37855 
37856 
37857 
37858 
37859 
37860 
37861 
37862 
37863 
37864 
37865 
37866 
37867 
37868 
37869 
37870 
37871 
37872 
37873 
37874 
37875 
37876 
37877 
37878 
37879 
37880 
37881 
37882 
37883 
37884 
37885 
37886 
37887 
37888 
37889 
37890 
37891 
37892 
37893 
37894 
37895 
37896 
37897 
37898 
37899 
37900 
37901 
37902 
37903 
37904 
37905 
37906 
37907 
37908 
37909 
37910 
37911 
37912 
37913 
37914 
37915 
37916 
37917 
37918 
37919 
37920 
37921 
37922 
37923 
37924 
37925 
37926 
37927 
37928 
37929 
37930 
37931 
37932 
37933 
37934 
37935 
37936 
37937 
37938 
37939 
37940 
37941 
37942 
37943 
37944 
37945 
37946 
37947 
37948 
37949 
37950 
37951 
37952 
37953 
37954 
37955 
37956 
37957 
37958 
37959 
37960 
37961 
37962 
37963 
37964 
37965 
37966 
37967 
37968 
37969 
37970 
37971 
37972 
37973 
37974 
37975 
37976 
37977 
37978 
37979 
37980 
37981 
37982 
37983 
37984 
37985 
37986 
37987 
37988 
37989 
37990 
37991 
37992 
37993 
37994 
37995 
37996 
37997 
37998 
37999 
38000 
38001 
38002 
38003 
38004 
38005 
38006 
38007 
38008 
38009 
38010 
38011 
38012 
38013 
38014 
38015 
38016 
38017 
38018 
38019 
38020 
38021 
38022 
38023 
38024 
38025 
38026 
38027 
38028 
38029 
38030 
38031 
38032 
38033 
38034 
38035 
38036 
38037 
38038 
38039 
38040 
38041 
38042 
38043 
38044 
38045 
38046 
38047 
38048 
38049 
38050 
38051 
38052 
38053 
38054 
38055 
38056 
38057 
38058 
38059 
38060 
38061 
38062 
38063 
38064 
38065 
38066 
38067 
38068 
38069 
38070 
38071 
38072 
38073 
38074 
38075 
38076 
38077 
38078 
38079 
38080 
38081 
38082 
38083 
38084 
38085 
38086 
38087 
38088 
38089 
38090 
38091 
38092 
38093 
38094 
38095 
38096 
38097 
38098 
38099 
38100 
38101 
38102 
38103 
38104 
38105 
38106 
38107 
38108 
38109 
38110 
38111 
38112 
38113 
38114 
38115 
38116 
38117 
38118 
38119 
38120 
38121 
38122 
38123 
38124 
38125 
38126 
38127 
38128 
38129 
38130 
38131 
38132 
38133 
38134 
38135 
38136 
38137 
38138 
38139 
38140 
38141 
38142 
38143 
38144 
38145 
38146 
38147 
38148 
38149 
38150 
38151 
38152 
38153 
38154 
38155 
38156 
38157 
38158 
38159 
38160 
38161 
38162 
38163 
38164 
38165 
38166 
38167 
38168 
38169 
38170 
38171 
38172 
38173 
38174 
38175 
38176 
38177 
38178 
38179 
38180 
38181 
38182 
38183 
38184 
38185 
38186 
38187 
38188 
38189 
38190 
38191 
38192 
38193 
38194 
38195 
38196 
38197 
38198 
38199 
38200 
38201 
38202 
38203 
38204 
38205 
38206 
38207 
38208 
38209 
38210 
38211 
38212 
38213 
38214 
38215 
38216 
38217 
38218 
38219 
38220 
38221 
38222 
38223 
38224 
38225 
38226 
38227 
38228 
38229 
38230 
38231 
38232 
38233 
38234 
38235 
38236 
38237 
38238 
38239 
38240 
38241 
38242 
38243 
38244 
38245 
38246 
38247 
38248 
38249 
38250 
38251 
38252 
38253 
38254 
38255 
38256 
38257 
38258 
38259 
38260 
38261 
38262 
38263 
38264 
38265 
38266 
38267 
38268 
38269 
38270 
38271 
38272 
38273 
38274 
38275 
38276 
38277 
38278 
38279 
38280 
38281 
38282 
38283 
38284 
38285 
38286 
38287 
38288 
38289 
38290 
38291 
38292 
38293 
38294 
38295 
38296 
38297 
38298 
38299 
38300 
38301 
38302 
38303 
38304 
38305 
38306 
38307 
38308 
38309 
38310 
38311 
38312 
38313 
38314 
38315 
38316 
38317 
38318 
38319 
38320 
38321 
38322 
38323 
38324 
38325 
38326 
38327 
38328 
38329 
38330 
38331 
38332 
38333 
38334 
38335 
38336 
38337 
38338 
38339 
38340 
38341 
38342 
38343 
38344 
38345 
38346 
38347 
38348 
38349 
38350 
38351 
38352 
38353 
38354 
38355 
38356 
38357 
38358 
38359 
38360 
38361 
38362 
38363 
38364 
38365 
38366 
38367 
38368 
38369 
38370 
38371 
38372 
38373 
38374 
38375 
38376 
38377 
38378 
38379 
38380 
38381 
38382 
38383 
38384 
38385 
38386 
38387 
38388 
38389 
38390 
38391 
38392 
38393 
38394 
38395 
38396 
38397 
38398 
38399 
38400 
38401 
38402 
38403 
38404 
38405 
38406 
38407 
38408 
38409 
38410 
38411 
38412 
38413 
38414 
38415 
38416 
38417 
38418 
38419 
38420 
38421 
38422 
38423 
38424 
38425 
38426 
38427 
38428 
38429 
38430 
38431 
38432 
38433 
38434 
38435 
38436 
38437 
38438 
38439 
38440 
38441 
38442 
38443 
38444 
38445 
38446 
38447 
38448 
38449 
38450 
38451 
38452 
38453 
38454 
38455 
38456 
38457 
38458 
38459 
38460 
38461 
38462 
38463 
38464 
38465 
38466 
38467 
38468 
38469 
38470 
38471 
38472 
38473 
38474 
38475 
38476 
38477 
38478 
38479 
38480 
38481 
38482 
38483 
38484 
38485 
38486 
38487 
38488 
38489 
38490 
38491 
38492 
38493 
38494 
38495 
38496 
38497 
38498 
38499 
38500 
38501 
38502 
38503 
38504 
38505 
38506 
38507 
38508 
38509 
38510 
38511 
38512 
38513 
38514 
38515 
38516 
38517 
38518 
38519 
38520 
38521 
38522 
38523 
38524 
38525 
38526 
38527 
38528 
38529 
38530 
38531 
38532 
38533 
38534 
38535 
38536 
38537 
38538 
38539 
38540 
38541 
38542 
38543 
38544 
38545 
38546 
38547 
38548 
38549 
38550 
38551 
38552 
38553 
38554 
38555 
38556 
38557 
38558 
38559 
38560 
38561 
38562 
38563 
38564 
38565 
38566 
38567 
38568 
38569 
38570 
38571 
38572 
38573 
38574 
38575 
38576 
38577 
38578 
38579 
38580 
38581 
38582 
38583 
38584 
38585 
38586 
38587 
38588 
38589 
38590 
38591 
38592 
38593 
38594 
38595 
38596 
38597 
38598 
38599 
38600 
38601 
38602 
38603 
38604 
38605 
38606 
38607 
38608 
38609 
38610 
38611 
38612 
38613 
38614 
38615 
38616 
38617 
38618 
38619 
38620 
38621 
38622 
38623 
38624 
38625 
38626 
38627 
38628 
38629 
38630 
38631 
38632 
38633 
38634 
38635 
38636 
38637 
38638 
38639 
38640 
38641 
38642 
38643 
38644 
38645 
38646 
38647 
38648 
38649 
38650 
38651 
38652 
38653 
38654 
38655 
38656 
38657 
38658 
38659 
38660 
38661 
38662 
38663 
38664 
38665 
38666 
38667 
38668 
38669 
38670 
38671 
38672 
38673 
38674 
38675 
38676 
38677 
38678 
38679 
38680 
38681 
38682 
38683 
38684 
38685 
38686 
38687 
38688 
38689 
38690 
38691 
38692 
38693 
38694 
38695 
38696 
38697 
38698 
38699 
38700 
38701 
38702 
38703 
38704 
38705 
38706 
38707 
38708 
38709 
38710 
38711 
38712 
38713 
38714 
38715 
38716 
38717 
38718 
38719 
38720 
38721 
38722 
38723 
38724 
38725 
38726 
38727 
38728 
38729 
38730 
38731 
38732 
38733 
38734 
38735 
38736 
38737 
38738 
38739 
38740 
38741 
38742 
38743 
38744 
38745 
38746 
38747 
38748 
38749 
38750 
38751 
38752 
38753 
38754 
38755 
38756 
38757 
38758 
38759 
38760 
38761 
38762 
38763 
38764 
38765 
38766 
38767 
38768 
38769 
38770 
38771 
38772 
38773 
38774 
38775 
38776 
38777 
38778 
38779 
38780 
38781 
38782 
38783 
38784 
38785 
38786 
38787 
38788 
38789 
38790 
38791 
38792 
38793 
38794 
38795 
38796 
38797 
38798 
38799 
38800 
38801 
38802 
38803 
38804 
38805 
38806 
38807 
38808 
38809 
38810 
38811 
38812 
38813 
38814 
38815 
38816 
7259 
7378 
7855 
7975 
28795 
28808 
28809 
28813 
28814 
28815 
28820 
28821 
28822 
28824 
28827 
28828 
28835 
28836 
28837 
28838 
28839 
28847 
28848 
28849 
28850 
28858 
28859 
28860 
28861 
28866 
28867 
28868 
28869 
28870 
28875 
28876 
28877 
28878 
28879 
28880 
28881 
28882 
28884 
28885 
28886 
28887 
28889 
28890 
28891 
28892 
28893 
28894 
28896 
28897 
28898 
28899 
28901 
28902 
28904 
28905 
28906 
28907 
28908 
28909 
28911 
28912 
28913 
28914 
28916 
28917 
28919 
28920 
28921 
28922 
28923 
28924 
28925 
28926 
28928 
28929 
28930 
28931 
28932 
28933 
28934 
28935 
28936 
28937 
28938 
28940 
28941 
28942 
28943 
28947 
28948 
28949 
28950 
28951 
28955 
28956 
28957 
28958 
28959 
28960 
28961 
28962 
28963 
28964 
28965 
28966 
28968 
28969 
28971 
28972 
28973 
28974 
28976 
28977 
28978 
28981 
28982 
28985 
28986 
28987 
28988 
28989 
28990 
28991 
28992 
28993 
28994 
28995 
28996 
28997 
28998 
28999 
29000 
29001 
29002 
29003 
29004 
29005 
29006 
29007 
29008 
29009 
29010 
29011 
29012 
29013 
29014 
29015 
29016 
29017 
29018 
29019 
29020 
29021 
29022 
29023 
29024 
29025 
29026 
29027 
29028 
29029 
29030 
29031 
29032 
29033 
29034 
29039 
29040 
29042 
29045 
29046 
29047 
29048 
29049 
29050 
29051 
29052 
29053 
29055 
29056 
29057 
29058 
29059 
29060 
29061 
29062 
29063 
29064 
29065 
29066 
29067 
29068 
29069 
29070 
29071 
29072 
29073 
29074 
29075 
29076 
29077 
29078 
29079 
29080 
29081 
29082 
29083 
29084 
29085 
29086 
29087 
29088 
29089 
29090 
29091 
29092 
29093 
29094 
29095 
29096 
29097 
29098 
29099 
29100 
29101 
29102 
29103 
29112 
29116 
29117 
29118 
29119 
29120 
29121 
29122 
29123 
29124 
29125 
29127 
29128 
29129 
29130 
29135 
29136 
29139 
29140 
29141 
29142 
29143 
29144 
29145 
29146 
29147 
29148 
29149 
29150 
29151 
29152 
29153 
29154 
29155 
29156 
29157 
29158 
29159 
29160 
29161 
29162 
29163 
29164 
29165 
29166 
29167 
29168 
29169 
29170 
29171 
29172 
29173 
29174 
29175 
29176 
29177 
29178 
29179 
29180 
29181 
29182 
29183 
29184 
29185 
29186 
29187 
29188 
29189 
29190 
29191 
29192 
29193 
29194 
29195 
29196 
29197 
29198 
29199 
29200 
29201 
29202 
29203 
29204 
29205 
29206 
29207 
29208 
29209 
29210 
29211 
29212 
29213 
29214 
29215 
29216 
29217 
29218 
29219 
29220 
29221 
29222 
29223 
29224 
29225 
29226 
29227 
29228 
29229 
29230 
29231 
29232 
29233 
29234 
29235 
29236 
29237 
29238 
29239 
29240 
29241 
29242 
29243 
29244 
29245 
29246 
29247 
29248 
29249 
29250 
29251 
29252 
29253 
29254 
29255 
29256 
29257 
29258 
29259 
29260 
29261 
29262 
29263 
29264 
29265 
29266 
29267 
29268 
29269 
29270 
29271 
29272 
29273 
29274 
29275 
29276 
29277 
29278 
29279 
29280 
29281 
29282 
29283 
29284 
29285 
29286 
29287 
29288 
29289 
29290 
29291 
29292 
29293 
29294 
29295 
29296 
29297 
29298 
29299 
29300 
29301 
29302 
29303 
29304 
29305 
29306 
29307 
29308 
29309 
29310 
29311 
29312 
29313 
29314 
29315 
29316 
29317 
29318 
29319 
29320 
29321 
29322 
29323 
29324 
29325 
29326 
29327 
29328 
29329 
29330 
29331 
29332 
29333 
29334 
29335 
29336 
29337 
29338 
29339 
29340 
29341 
29342 
29343 
29344 
29345 
29346 
29347 
29348 
29349 
29350 
29351 
29352 
29353 
29354 
29355 
29356 
29357 
29358 
29359 
29360 
29361 
29362 
29363 
29364 
29365 
29366 
29367 
29368 
29369 
29370 
29371 
29372 
29373 
29374 
29375 
29376 
29377 
29378 
29379 
29380 
29381 
29382 
29383 
29384 
29385 
29386 
29387 
29388 
29389 
29390 
29391 
29392 
29393 
29394 
29395 
29396 
29397 
29398 
29399 
29400 
29401 
29402 
29403 
29404 
29405 
29406 
29407 
29408 
29409 
29410 
29411 
29412 
29413 
29414 
29415 
29416 
29417 
29418 
29419 
29420 
29421 
29422 
29423 
29424 
29425 
29426 
29427 
29428 
29429 
29430 
29431 
29432 
29433 
29434 
29435 
29436 
29437 
29438 
29439 
29440 
29441 
29442 
29443 
29444 
29445 
29446 
29447 
29448 
29449 
29450 
29451 
29452 
29453 
29454 
29455 
29456 
29457 
29458 
29459 
29460 
29461 
29462 
29463 
29464 
29465 
29466 
29467 
29468 
29469 
29470 
29471 
29472 
29473 
29474 
29475 
29476 
29477 
29478 
29479 
29480 
29481 
29482 
29483 
29484 
29485 
29486 
29487 
29488 
29489 
29490 
29491 
29492 
29493 
29494 
29495 
29496 
29497 
29498 
29499 
29500 
29501 
29502 
29503 
29504 
29505 
29506 
29507 
29508 
29509 
29510 
29511 
29512 
29513 
29514 
29515 
29516 
29517 
29518 
29519 
29520 
29521 
29522 
29523 
29524 
29525 
29526 
29527 
29528 
29529 
29530 
29531 
29532 
29533 
29534 
29535 
29536 
29537 
29538 
29539 
29540 
29541 
29542 
29543 
29544 
29545 
29546 
29547 
29548 
29549 
29550 
29551 
29552 
29553 
29554 
29555 
29556 
29557 
29558 
29559 
29560 
29561 
29562 
29563 
29564 
29565 
29566 
29567 
29568 
29569 
29570 
29571 
29572 
29573 
29574 
29575 
29576 
29577 
29578 
29579 
29580 
29581 
29582 
29583 
29584 
29585 
29586 
29587 
29588 
29589 
29590 
29591 
29592 
29593 
29594 
29595 
29596 
29597 
29598 
29599 
29600 
29601 
29602 
29603 
29604 
29605 
29606 
29607 
29608 
29609 
29610 
29611 
29612 
29613 
29614 
29615 
29616 
29617 
29618 
29619 
29620 
29621 
29622 
29623 
29624 
29625 
29626 
29627 
29628 
29629 
29630 
29631 
29632 
29633 
29634 
29635 
29636 
29637 
29638 
29639 
29640 
29641 
29642 
29643 
29644 
29645 
29646 
29647 
29648 
29649 
29650 
29651 
29652 
29653 
29654 
29655 
29656 
29657 
29658 
29659 
29660 
29661 
29662 
29663 
29664 
29665 
29666 
29667 
29668 
29669 
29670 
29671 
29672 
29673 
29674 
29675 
29676 
29677 
29678 
29679 
29680 
29681 
29682 
29683 
29684 
29685 
29686 
29687 
29688 
29689 
29690 
29691 
29692 
29693 
29694 
29695 
29696 
29697 
29698 
29699 
29700 
29701 
29702 
29703 
29704 
29705 
29706 
29707 
29708 
29709 
29710 
29711 
29712 
29713 
29714 
29715 
29716 
29717 
29718 
29719 
29720 
29721 
29722 
29723 
29724 
29725 
29726 
29727 
29728 
29729 
29730 
29731 
29732 
29733 
29734 
29735 
29736 
29737 
29738 
29739 
29740 
29741 
29742 
29743 
29744 
29745 
29746 
29747 
29748 
29749 
29750 
29751 
29752 
29753 
29754 
29755 
29756 
29757 
29758 
29759 
29760 
29761 
29762 
29763 
29764 
29765 
29766 
29767 
29768 
29769 
29770 
29771 
29772 
29773 
29774 
29775 
29776 
29777 
29778 
29779 
29780 
29781 
29782 
29783 
29784 
29785 
29786 
29787 
29788 
29789 
29790 
29791 
29792 
29793 
29794 
29795 
29796 
29797 
29798 
29799 
29800 
29801 
29802 
29803 
29804 
29805 
29806 
29807 
29808 
29809 
29810 
29811 
29812 
29813 
29814 
29815 
29816 
29817 
29818 
29819 
29820 
29821 
29822 
29823 
29824 
29825 
29826 
29827 
29828 
29829 
29830 
29831 
29832 
29833 
29834 
29835 
29836 
29837 
29838 
29839 
29840 
29841 
29842 
29843 
29844 
29845 
29846 
29847 
29848 
29849 
29850 
29851 
29852 
29853 
29854 
29855 
29856 
29857 
29858 
29859 
29860 
29861 
29862 
29863 
29864 
29865 
29866 
29867 
29868 
29869 
29870 
29871 
29872 
29873 
29874 
29875 
29876 
29877 
29878 
29879 
29880 
29881 
29882 
29883 
29884 
29885 
29886 
29887 
29888 
29889 
29890 
29891 
29892 
29893 
29894 
29895 
29896 
29897 
29898 
29899 
29900 
29901 
29902 
29903 
29904 
29905 
29906 
29907 
29908 
29909 
29910 
29911 
29912 
29913 
29914 
29915 
29916 
29917 
29918 
29919 
29920 
29921 
29922 
29923 
29924 
29925 
29926 
29927 
29928 
29929 
29930 
29931 
29932 
29933 
29934 
29935 
29936 
29937 
29938 
29939 
29940 
29941 
29942 
29943 
29944 
29945 
29946 
29947 
29948 
29949 
29950 
29951 
29952 
29953 
29954 
29955 
29956 
29957 
29958 
29959 
29960 
29961 
29962 
29963 
29964 
29965 
29966 
29967 
29968 
29969 
29970 
29971 
29972 
29973 
29974 
29975 
29976 
29977 
29978 
29979 
29980 
29981 
29982 
29983 
29984 
29985 
29986 
29987 
29988 
29989 
29990 
29991 
29992 
29993 
29994 
29995 
29996 
29997 
29998 
29999 
30000 
30001 
30002 
30003 
30004 
30005 
30006 
30007 
30008 
30009 
30010 
30011 
30012 
30013 
30014 
30015 
30016 
30017 
30018 
30019 
30020 
30021 
30022 
30023 
30024 
30025 
30026 
30027 
30028 
30029 
30030 
30031 
30032 
30033 
30034 
30035 
30036 
30037 
30038 
30039 
30040 
30041 
30042 
30043 
30044 
30045 
30046 
30047 
30048 
30049 
30050 
30051 
30052 
30053 
30054 
30055 
30056 
30057 
30058 
30059 
30060 
30061 
30062 
30063 
30064 
30065 
30066 
30067 
30068 
30069 
30070 
30071 
30072 
30073 
30074 
30075 
30076 
30077 
30078 
30079 
30080 
30081 
30082 
30083 
30084 
30085 
30086 
30087 
30088 
30089 
30090 
30091 
30092 
30093 
30094 
30095 
30096 
30097 
30098 
30099 
30100 
30101 
30102 
30103 
30104 
30105 
30106 
30107 
30108 
30109 
30110 
30111 
30112 
30113 
30114 
30115 
30116 
30117 
30118 
30119 
30120 
30121 
30122 
30123 
30124 
30125 
30126 
30127 
30128 
30129 
30130 
30131 
30132 
30133 
30134 
30135 
30136 
30137 
30138 
30139 
30140 
30141 
30142 
30143 
30144 
30145 
30146 
30147 
30148 
30149 
30150 
30151 
30152 
30153 
30154 
30155 
30156 
30157 
30158 
30159 
30164 
30165 
30166 
30167 
30168 
30169 
30170 
30171 
30172 
30173 
30174 
30175 
30176 
30177 
30178 
30179 
30180 
30181 
30182 
30183 
30184 
30185 
30186 
30187 
30188 
30541 
30542 
30574 
30575 
30608 
30611 
31467 
31468 
31470 
31471 
31472 
31474 
31475 
31476 
31477 
31480 
31481 
31482 
31483 
31491 
31499 
31521 
31522 
31523 
31524 
31525 
31526 
31527 
31528 
31529 
31566 
31567 
31568 
31569 
31570 
31571 
31572 
31573 
31574 
31584 
31585 
31587 
31588 
31589 
31590 
31591 
31592 
31593 
31594 
31595 
31596 
31597 
31598 
31608 
31609 
31611 
31612 
31613 
31614 
31615 
31616 
31617 
31618 
31619 
31620 
31621 
31622 
31623 
31624 
31625 
31626 
31627 
31628 
31629 
31630 
31631 
31632 
31633 
31634 
31641 
31642 
31643 
31644 
31645 
31646 
31647 
31648 
31649 
31653 
31654 
31655 
31656 
31657 
31658 
31659 
31660 
31661 
31662 
31663 
31664 
31666 
31667 
31668 
31669 
31670 
31671 
31672 
31673 
31674 
31675 
31676 
31677 
31678 
31679 
31680 
31681 
31682 
31683 
31684 
31685 
31686 
31687 
31688 
31690 
31691 
31692 
31693 
31694 
31704 
31705 
31706 
31707 
31708 
31709 
31710 
31711 
31712 
31722 
31723 
31724 
31725 
31726 
31727 
31728 
31729 
31730 
31731 
31732 
31733 
31734 
31735 
31736 
31737 
31738 
31739 
31740 
31741 
31742 
31743 
31744 
31745 
31746 
31747 
31748 
31749 
31750 
31751 
31755 
31760 
31764 
31765 
31766 
31767 
31768 
31769 
31770 
31771 
31772 
31773 
31774 
31775 
31776 
31777 
31778 
31779 
31780 
31781 
31782 
31783 
31784 
31785 
31786 
31787 
31788 
31789 
31790 
31791 
31792 
31793 
31794 
31795 
31796 
31797 
31798 
31799 
31800 
31801 
31802 
31803 
31804 
31805 
31806 
31807 
31808 
31809 
31810 
31811 
31812 
31813 
31814 
31815 
31816 
31817 
31818 
31819 
31820 
31821 
31822 
31823 
31824 
31825 
31826 
31827 
31828 
31829 
31830 
31831 
31832 
31833 
31834 
31835 
31836 
31837 
31838 
31839 
31840 
31841 
31842 
31843 
31844 
31845 
31846 
31847 
31848 
31849 
31850 
31851 
31852 
31853 
31854 
31855 
31856 
31857 
31858 
31859 
31878 
31879 
31880 
31887 
31890 
31891 
31892 
31893 
31894 
31895 
31896 
31897 
31898 
31899 
31900 
31901 
31902 
31903 
31904 
31906 
31907 
31908 
31909 
31910 
31911 
31912 
31913 
31914 
31915 
31917 
31918 
31919 
31920 
31921 
31922 
31923 
31924 
31925 
31926 
31927 
31928 
31929 
31930 
31931 
31932 
31933 
31934 
31935 
31936 
31937 
31938 
31939 
31940 
31941 
31942 
31943 
31944 
31945 
31946 
31947 
31948 
31949 
31950 
31951 
31952 
31953 
31954 
31955 
31956 
31957 
31958 
31959 
31960 
31961 
31962 
31963 
31964 
31965 
31966 
31967 
31968 
31969 
31970 
31971 
31972 
31973 
31974 
31975 
31976 
31977 
31978 
31979 
31980 
31981 
31982 
31983 
31984 
31985 
31986 
31987 
31988 
31989 
31990 
31991 
31992 
31993 
31994 
31995 
31996 
31997 
31998 
31999 
32000 
32001 
32002 
32003 
32004 
32005 
32006 
32007 
32008 
32009 
32010 
32011 
32012 
32013 
32014 
32015 
32016 
32017 
32018 
32019 
32020 
32021 
32022 
32023 
32024 
32025 
32026 
32027 
32028 
32029 
32030 
32031 
32032 
32033 
32034 
32035 
32036 
32037 
32038 
32039 
32040 
32041 
32042 
32043 
32044 
32045 
32046 
32047 
32048 
32049 
32050 
32051 
32052 
32053 
32054 
32055 
32056 
32057 
32058 
32059 
32060 
32061 
32062 
32063 
32064 
32065 
32066 
32067 
32068 
32069 
32070 
32071 
32072 
32073 
32074 
32075 
32076 
32077 
32078 
32079 
32080 
32081 
32082 
32083 
32084 
32085 
32086 
32087 
32088 
32089 
32090 
32091 
32092 
32093 
32094 
32095 
32096 
32097 
32098 
32099 
32100 
32101 
32102 
32103 
32104 
32105 
32106 
32107 
32108 
32109 
32110 
32111 
32112 
32113 
32114 
32115 
32116 
32117 
32118 
32119 
32120 
32121 
32122 
32123 
32124 
32125 
32126 
32127 
32128 
32129 
32130 
32131 
32132 
32133 
32134 
32135 
32136 
32137 
32138 
32139 
32140 
32141 
32142 
32143 
32144 
32145 
32146 
32147 
32148 
32149 
32150 
32151 
32152 
32153 
32154 
32155 
32156 
32157 
32158 
32159 
32160 
32161 
32162 
32163 
32164 
32165 
32166 
32167 
32168 
32169 
32170 
32171 
32172 
32173 
32174 
32175 
32176 
32177 
32178 
32179 
32180 
32181 
32182 
32183 
32184 
32185 
32186 
32187 
32188 
32189 
32190 
32191 
32192 
32193 
32194 
32195 
32196 
32197 
32198 
32199 
32200 
32201 
32202 
32203 
32204 
32205 
32206 
32207 
32208 
32209 
32210 
32211 
32212 
32213 
32214 
32215 
32216 
32217 
32218 
32219 
32220 
32221 
32222 
32223 
32224 
32225 
32226 
32227 
32228 
32229 
32230 
32231 
32232 
32233 
32234 
32235 
32236 
32237 
32238 
32239 
32240 
32241 
32242 
32243 
32244 
32245 
32246 
32247 
32248 
32249 
32250 
32251 
32252 
32253 
32254 
32255 
32256 
32257 
32258 
32259 
32260 
32261 
32262 
32263 
32264 
32265 
32266 
32267 
32268 
32269 
32270 
32271 
32272 
32273 
32274 
32275 
32276 
32671 
32672 
32733 
32734 
32735 
)

// ************************************************************************* //
