// tabulated6DoFMotion — generated by cosim_driver.py
(
  (4.9849800000e+00  ((0.0000000000e+00 -5.5619320540e-03 0) (0 0 -2.0787760385e-01)))
  (4.9850500000e+00  ((0.0000000000e+00 -5.5236279127e-03 0) (0 0 -2.0829249004e-01)))
  (4.9851200000e+00  ((0.0000000000e+00 -5.4853237715e-03 0) (0 0 -2.0870737623e-01)))
  (4.9851900000e+00  ((0.0000000000e+00 -5.4470196302e-03 0) (0 0 -2.0912226242e-01)))
  (4.9852600000e+00  ((0.0000000000e+00 -5.4087154890e-03 0) (0 0 -2.0953714861e-01)))
  (4.9853300000e+00  ((0.0000000000e+00 -5.3704113478e-03 0) (0 0 -2.0995203480e-01)))
  (4.9854000000e+00  ((0.0000000000e+00 -5.3321072065e-03 0) (0 0 -2.1036692099e-01)))
  (4.9854700000e+00  ((0.0000000000e+00 -5.2938030653e-03 0) (0 0 -2.1078180718e-01)))
  (4.9855400000e+00  ((0.0000000000e+00 -5.2554989240e-03 0) (0 0 -2.1119669337e-01)))
  (4.9856100000e+00  ((0.0000000000e+00 -5.2171947828e-03 0) (0 0 -2.1161157956e-01)))
  (4.9856800000e+00  ((0.0000000000e+00 -5.1788906416e-03 0) (0 0 -2.1202646575e-01)))
  (4.9857500000e+00  ((0.0000000000e+00 -5.1405865003e-03 0) (0 0 -2.1244135194e-01)))
  (4.9858200000e+00  ((0.0000000000e+00 -5.1022823591e-03 0) (0 0 -2.1285623813e-01)))
  (4.9858900000e+00  ((0.0000000000e+00 -5.0639782178e-03 0) (0 0 -2.1327112432e-01)))
  (4.9859600000e+00  ((0.0000000000e+00 -5.0256740766e-03 0) (0 0 -2.1368601051e-01)))
  (4.9860300000e+00  ((0.0000000000e+00 -4.9873699354e-03 0) (0 0 -2.1410089670e-01)))
  (4.9861000000e+00  ((0.0000000000e+00 -4.9490657941e-03 0) (0 0 -2.1451578289e-01)))
  (4.9861700000e+00  ((0.0000000000e+00 -4.9107616529e-03 0) (0 0 -2.1493066908e-01)))
  (4.9862400000e+00  ((0.0000000000e+00 -4.8724575116e-03 0) (0 0 -2.1534555527e-01)))
  (4.9863100000e+00  ((0.0000000000e+00 -4.8341533704e-03 0) (0 0 -2.1576044146e-01)))
  (4.9863800000e+00  ((0.0000000000e+00 -4.7958492292e-03 0) (0 0 -2.1617532765e-01)))
  (4.9864500000e+00  ((0.0000000000e+00 -4.7575450879e-03 0) (0 0 -2.1659021384e-01)))
  (4.9865200000e+00  ((0.0000000000e+00 -4.7192409467e-03 0) (0 0 -2.1700510003e-01)))
  (4.9865900000e+00  ((0.0000000000e+00 -4.6809368054e-03 0) (0 0 -2.1741998622e-01)))
  (4.9866600000e+00  ((0.0000000000e+00 -4.6426326642e-03 0) (0 0 -2.1783487241e-01)))
  (4.9867300000e+00  ((0.0000000000e+00 -4.6043285230e-03 0) (0 0 -2.1824975860e-01)))
  (4.9868000000e+00  ((0.0000000000e+00 -4.5660243817e-03 0) (0 0 -2.1866464479e-01)))
  (4.9868700000e+00  ((0.0000000000e+00 -4.5277202405e-03 0) (0 0 -2.1907953098e-01)))
  (4.9869400000e+00  ((0.0000000000e+00 -4.4894160992e-03 0) (0 0 -2.1949441717e-01)))
  (4.9870100000e+00  ((0.0000000000e+00 -4.4511119580e-03 0) (0 0 -2.1990930336e-01)))
  (4.9870800000e+00  ((0.0000000000e+00 -4.4128078168e-03 0) (0 0 -2.2032418955e-01)))
  (4.9871500000e+00  ((0.0000000000e+00 -4.3745036755e-03 0) (0 0 -2.2073907574e-01)))
  (4.9872200000e+00  ((0.0000000000e+00 -4.3361995343e-03 0) (0 0 -2.2115396193e-01)))
  (4.9872900000e+00  ((0.0000000000e+00 -4.2978953930e-03 0) (0 0 -2.2156884812e-01)))
  (4.9873600000e+00  ((0.0000000000e+00 -4.2595912518e-03 0) (0 0 -2.2198373431e-01)))
  (4.9874300000e+00  ((0.0000000000e+00 -4.2212871106e-03 0) (0 0 -2.2239862050e-01)))
  (4.9875000000e+00  ((0.0000000000e+00 -4.1829829693e-03 0) (0 0 -2.2281350669e-01)))
  (4.9875700000e+00  ((0.0000000000e+00 -4.1446788281e-03 0) (0 0 -2.2322839288e-01)))
  (4.9876400000e+00  ((0.0000000000e+00 -4.1063746868e-03 0) (0 0 -2.2364327907e-01)))
  (4.9877100000e+00  ((0.0000000000e+00 -4.0680705456e-03 0) (0 0 -2.2405816526e-01)))
  (4.9877800000e+00  ((0.0000000000e+00 -4.0297664043e-03 0) (0 0 -2.2447305145e-01)))
  (4.9878500000e+00  ((0.0000000000e+00 -3.9914622631e-03 0) (0 0 -2.2488793764e-01)))
  (4.9879200000e+00  ((0.0000000000e+00 -3.9531581219e-03 0) (0 0 -2.2530282383e-01)))
  (4.9879900000e+00  ((0.0000000000e+00 -3.9148539806e-03 0) (0 0 -2.2571771002e-01)))
  (4.9880600000e+00  ((0.0000000000e+00 -3.8765498394e-03 0) (0 0 -2.2613259621e-01)))
  (4.9881300000e+00  ((0.0000000000e+00 -3.8382456981e-03 0) (0 0 -2.2654748240e-01)))
  (4.9882000000e+00  ((0.0000000000e+00 -3.7999415569e-03 0) (0 0 -2.2696236859e-01)))
  (4.9882700000e+00  ((0.0000000000e+00 -3.7616374157e-03 0) (0 0 -2.2737725478e-01)))
  (4.9883400000e+00  ((0.0000000000e+00 -3.7233332744e-03 0) (0 0 -2.2779214097e-01)))
  (4.9884100000e+00  ((0.0000000000e+00 -3.6850291332e-03 0) (0 0 -2.2820702716e-01)))
  (4.9884800000e+00  ((0.0000000000e+00 -3.6467249919e-03 0) (0 0 -2.2862191335e-01)))
  (4.9885500000e+00  ((0.0000000000e+00 -3.6084208507e-03 0) (0 0 -2.2903679954e-01)))
  (4.9886200000e+00  ((0.0000000000e+00 -3.5701167095e-03 0) (0 0 -2.2945168573e-01)))
  (4.9886900000e+00  ((0.0000000000e+00 -3.5318125682e-03 0) (0 0 -2.2986657192e-01)))
  (4.9887600000e+00  ((0.0000000000e+00 -3.4935084270e-03 0) (0 0 -2.3028145811e-01)))
  (4.9888300000e+00  ((0.0000000000e+00 -3.4552042857e-03 0) (0 0 -2.3069634430e-01)))
  (4.9889000000e+00  ((0.0000000000e+00 -3.4169001445e-03 0) (0 0 -2.3111123049e-01)))
  (4.9889700000e+00  ((0.0000000000e+00 -3.3785960033e-03 0) (0 0 -2.3152611668e-01)))
  (4.9890400000e+00  ((0.0000000000e+00 -3.3402918620e-03 0) (0 0 -2.3194100287e-01)))
  (4.9891100000e+00  ((0.0000000000e+00 -3.3019877208e-03 0) (0 0 -2.3235588906e-01)))
  (4.9891800000e+00  ((0.0000000000e+00 -3.2636835795e-03 0) (0 0 -2.3277077525e-01)))
  (4.9892500000e+00  ((0.0000000000e+00 -3.2253794383e-03 0) (0 0 -2.3318566144e-01)))
  (4.9893200000e+00  ((0.0000000000e+00 -3.1870752971e-03 0) (0 0 -2.3360054763e-01)))
  (4.9893900000e+00  ((0.0000000000e+00 -3.1487711558e-03 0) (0 0 -2.3401543382e-01)))
  (4.9894600000e+00  ((0.0000000000e+00 -3.1104670146e-03 0) (0 0 -2.3443032001e-01)))
  (4.9895300000e+00  ((0.0000000000e+00 -3.0721628733e-03 0) (0 0 -2.3484520620e-01)))
  (4.9896000000e+00  ((0.0000000000e+00 -3.0338587321e-03 0) (0 0 -2.3526009239e-01)))
  (4.9896700000e+00  ((0.0000000000e+00 -2.9955545909e-03 0) (0 0 -2.3567497858e-01)))
  (4.9897400000e+00  ((0.0000000000e+00 -2.9572504496e-03 0) (0 0 -2.3608986477e-01)))
  (4.9898100000e+00  ((0.0000000000e+00 -2.9189463084e-03 0) (0 0 -2.3650475096e-01)))
  (4.9898800000e+00  ((0.0000000000e+00 -2.8806421671e-03 0) (0 0 -2.3691963715e-01)))
  (4.9899500000e+00  ((0.0000000000e+00 -2.8423380259e-03 0) (0 0 -2.3733452334e-01)))
  (4.9900200000e+00  ((0.0000000000e+00 -2.8040338847e-03 0) (0 0 -2.3774940953e-01)))
  (4.9900900000e+00  ((0.0000000000e+00 -2.7657297434e-03 0) (0 0 -2.3816429572e-01)))
  (4.9901600000e+00  ((0.0000000000e+00 -2.7274256022e-03 0) (0 0 -2.3857918191e-01)))
  (4.9902300000e+00  ((0.0000000000e+00 -2.6891214609e-03 0) (0 0 -2.3899406810e-01)))
  (4.9903000000e+00  ((0.0000000000e+00 -2.6508173197e-03 0) (0 0 -2.3940895429e-01)))
  (4.9903700000e+00  ((0.0000000000e+00 -2.6125131785e-03 0) (0 0 -2.3982384048e-01)))
  (4.9904400000e+00  ((0.0000000000e+00 -2.5742090372e-03 0) (0 0 -2.4023872667e-01)))
  (4.9905100000e+00  ((0.0000000000e+00 -2.5359048960e-03 0) (0 0 -2.4065361286e-01)))
  (4.9905800000e+00  ((0.0000000000e+00 -2.4976007547e-03 0) (0 0 -2.4106849905e-01)))
  (4.9906500000e+00  ((0.0000000000e+00 -2.4592966135e-03 0) (0 0 -2.4148338524e-01)))
  (4.9907200000e+00  ((0.0000000000e+00 -2.4209924723e-03 0) (0 0 -2.4189827143e-01)))
  (4.9907900000e+00  ((0.0000000000e+00 -2.3826883310e-03 0) (0 0 -2.4231315762e-01)))
  (4.9908600000e+00  ((0.0000000000e+00 -2.3443841898e-03 0) (0 0 -2.4272804381e-01)))
  (4.9909300000e+00  ((0.0000000000e+00 -2.3060800485e-03 0) (0 0 -2.4314293000e-01)))
  (4.9910000000e+00  ((0.0000000000e+00 -2.2677759073e-03 0) (0 0 -2.4355781619e-01)))
  (4.9910700000e+00  ((0.0000000000e+00 -2.2294717661e-03 0) (0 0 -2.4397270238e-01)))
  (4.9911400000e+00  ((0.0000000000e+00 -2.1911676248e-03 0) (0 0 -2.4438758857e-01)))
  (4.9912100000e+00  ((0.0000000000e+00 -2.1528634836e-03 0) (0 0 -2.4480247476e-01)))
  (4.9912800000e+00  ((0.0000000000e+00 -2.1145593423e-03 0) (0 0 -2.4521736095e-01)))
  (4.9913500000e+00  ((0.0000000000e+00 -2.0762552011e-03 0) (0 0 -2.4563224714e-01)))
  (4.9914200000e+00  ((0.0000000000e+00 -2.0379510599e-03 0) (0 0 -2.4604713333e-01)))
  (4.9914900000e+00  ((0.0000000000e+00 -1.9996469186e-03 0) (0 0 -2.4646201952e-01)))
  (4.9915600000e+00  ((0.0000000000e+00 -1.9613427774e-03 0) (0 0 -2.4687690571e-01)))
  (4.9916300000e+00  ((0.0000000000e+00 -1.9230386361e-03 0) (0 0 -2.4729179190e-01)))
  (4.9917000000e+00  ((0.0000000000e+00 -1.8847344949e-03 0) (0 0 -2.4770667809e-01)))
  (4.9917700000e+00  ((0.0000000000e+00 -1.8464303536e-03 0) (0 0 -2.4812156428e-01)))
  (4.9918400000e+00  ((0.0000000000e+00 -1.8081262124e-03 0) (0 0 -2.4853645047e-01)))
  (4.9919100000e+00  ((0.0000000000e+00 -1.7698220712e-03 0) (0 0 -2.4895133666e-01)))
  (4.9919800000e+00  ((0.0000000000e+00 -1.7315179299e-03 0) (0 0 -2.4936622285e-01)))
  (4.9920500000e+00  ((0.0000000000e+00 -1.6932137887e-03 0) (0 0 -2.4978110904e-01)))
  (4.9921200000e+00  ((0.0000000000e+00 -1.6549096474e-03 0) (0 0 -2.5019599523e-01)))
  (4.9921900000e+00  ((0.0000000000e+00 -1.6166055062e-03 0) (0 0 -2.5061088142e-01)))
  (4.9922600000e+00  ((0.0000000000e+00 -1.5783013650e-03 0) (0 0 -2.5102576761e-01)))
  (4.9923300000e+00  ((0.0000000000e+00 -1.5399972237e-03 0) (0 0 -2.5144065380e-01)))
  (4.9924000000e+00  ((0.0000000000e+00 -1.5016930825e-03 0) (0 0 -2.5185553999e-01)))
  (4.9924700000e+00  ((0.0000000000e+00 -1.4633889412e-03 0) (0 0 -2.5227042618e-01)))
  (4.9925400000e+00  ((0.0000000000e+00 -1.4250848000e-03 0) (0 0 -2.5268531237e-01)))
  (4.9926100000e+00  ((0.0000000000e+00 -1.3867806588e-03 0) (0 0 -2.5310019856e-01)))
  (4.9926800000e+00  ((0.0000000000e+00 -1.3484765175e-03 0) (0 0 -2.5351508475e-01)))
  (4.9927500000e+00  ((0.0000000000e+00 -1.3101723763e-03 0) (0 0 -2.5392997094e-01)))
  (4.9928200000e+00  ((0.0000000000e+00 -1.2718682350e-03 0) (0 0 -2.5434485713e-01)))
  (4.9928900000e+00  ((0.0000000000e+00 -1.2335640938e-03 0) (0 0 -2.5475974332e-01)))
  (4.9929600000e+00  ((0.0000000000e+00 -1.1952599526e-03 0) (0 0 -2.5517462951e-01)))
  (4.9930300000e+00  ((0.0000000000e+00 -1.1569558113e-03 0) (0 0 -2.5558951570e-01)))
  (4.9931000000e+00  ((0.0000000000e+00 -1.1186516701e-03 0) (0 0 -2.5600440189e-01)))
  (4.9931700000e+00  ((0.0000000000e+00 -1.0803475288e-03 0) (0 0 -2.5641928808e-01)))
  (4.9932400000e+00  ((0.0000000000e+00 -1.0420433876e-03 0) (0 0 -2.5683417427e-01)))
  (4.9933100000e+00  ((0.0000000000e+00 -1.0037392464e-03 0) (0 0 -2.5724906046e-01)))
  (4.9933800000e+00  ((0.0000000000e+00 -9.6543510512e-04 0) (0 0 -2.5766394665e-01)))
  (4.9934500000e+00  ((0.0000000000e+00 -9.2713096388e-04 0) (0 0 -2.5807883284e-01)))
  (4.9935200000e+00  ((0.0000000000e+00 -8.8882682264e-04 0) (0 0 -2.5849371903e-01)))
  (4.9935900000e+00  ((0.0000000000e+00 -8.5052268140e-04 0) (0 0 -2.5890860522e-01)))
  (4.9936600000e+00  ((0.0000000000e+00 -8.1221854016e-04 0) (0 0 -2.5932349141e-01)))
  (4.9937300000e+00  ((0.0000000000e+00 -7.7391439892e-04 0) (0 0 -2.5973837760e-01)))
  (4.9938000000e+00  ((0.0000000000e+00 -7.3561025768e-04 0) (0 0 -2.6015326379e-01)))
  (4.9938700000e+00  ((0.0000000000e+00 -6.9730611644e-04 0) (0 0 -2.6056814998e-01)))
  (4.9939400000e+00  ((0.0000000000e+00 -6.5900197520e-04 0) (0 0 -2.6098303617e-01)))
  (4.9940100000e+00  ((0.0000000000e+00 -6.2069783396e-04 0) (0 0 -2.6139792236e-01)))
  (4.9940800000e+00  ((0.0000000000e+00 -5.8239369272e-04 0) (0 0 -2.6181280855e-01)))
  (4.9941500000e+00  ((0.0000000000e+00 -5.4408955148e-04 0) (0 0 -2.6222769474e-01)))
  (4.9942200000e+00  ((0.0000000000e+00 -5.0578541024e-04 0) (0 0 -2.6264258093e-01)))
  (4.9942900000e+00  ((0.0000000000e+00 -4.6748126900e-04 0) (0 0 -2.6305746712e-01)))
  (4.9943600000e+00  ((0.0000000000e+00 -4.2917712776e-04 0) (0 0 -2.6347235331e-01)))
  (4.9944300000e+00  ((0.0000000000e+00 -3.9087298652e-04 0) (0 0 -2.6388723950e-01)))
  (4.9945000000e+00  ((0.0000000000e+00 -3.5256884528e-04 0) (0 0 -2.6430212569e-01)))
  (4.9945700000e+00  ((0.0000000000e+00 -3.1426470404e-04 0) (0 0 -2.6471701188e-01)))
  (4.9946400000e+00  ((0.0000000000e+00 -2.7596056279e-04 0) (0 0 -2.6513189807e-01)))
  (4.9947100000e+00  ((0.0000000000e+00 -2.3765642155e-04 0) (0 0 -2.6554678426e-01)))
  (4.9947800000e+00  ((0.0000000000e+00 -1.9935228031e-04 0) (0 0 -2.6596167045e-01)))
  (4.9948500000e+00  ((0.0000000000e+00 -1.6104813907e-04 0) (0 0 -2.6637655664e-01)))
  (4.9949200000e+00  ((0.0000000000e+00 -1.2274399783e-04 0) (0 0 -2.6679144283e-01)))
  (4.9949900000e+00  ((0.0000000000e+00 -8.4439856593e-05 0) (0 0 -2.6720632902e-01)))
  (4.9950600000e+00  ((0.0000000000e+00 -4.6135715353e-05 0) (0 0 -2.6762121521e-01)))
  (4.9951300000e+00  ((0.0000000000e+00 -7.8315741125e-06 0) (0 0 -2.6803610140e-01)))
  (4.9952000000e+00  ((0.0000000000e+00 3.0472567128e-05 0) (0 0 -2.6845098759e-01)))
  (4.9952700000e+00  ((0.0000000000e+00 6.8776708368e-05 0) (0 0 -2.6886587378e-01)))
  (4.9953400000e+00  ((0.0000000000e+00 1.0708084961e-04 0) (0 0 -2.6928075997e-01)))
  (4.9954100000e+00  ((0.0000000000e+00 1.4538499085e-04 0) (0 0 -2.6969564616e-01)))
  (4.9954800000e+00  ((0.0000000000e+00 1.8368913209e-04 0) (0 0 -2.7011053235e-01)))
  (4.9955500000e+00  ((0.0000000000e+00 2.2199327333e-04 0) (0 0 -2.7052541854e-01)))
  (4.9956200000e+00  ((0.0000000000e+00 2.6029741457e-04 0) (0 0 -2.7094030473e-01)))
  (4.9956900000e+00  ((0.0000000000e+00 2.9860155581e-04 0) (0 0 -2.7135519092e-01)))
  (4.9957600000e+00  ((0.0000000000e+00 3.3690569705e-04 0) (0 0 -2.7177007711e-01)))
  (4.9958300000e+00  ((0.0000000000e+00 3.7520983829e-04 0) (0 0 -2.7218496329e-01)))
  (4.9959000000e+00  ((0.0000000000e+00 4.1351397953e-04 0) (0 0 -2.7259984948e-01)))
  (4.9959700000e+00  ((0.0000000000e+00 4.5181812077e-04 0) (0 0 -2.7301473567e-01)))
  (4.9960400000e+00  ((0.0000000000e+00 4.9012226201e-04 0) (0 0 -2.7342962186e-01)))
  (4.9961100000e+00  ((0.0000000000e+00 5.2842640325e-04 0) (0 0 -2.7384450805e-01)))
  (4.9961800000e+00  ((0.0000000000e+00 5.6673054449e-04 0) (0 0 -2.7425939424e-01)))
  (4.9962500000e+00  ((0.0000000000e+00 6.0503468573e-04 0) (0 0 -2.7467428043e-01)))
  (4.9963200000e+00  ((0.0000000000e+00 6.4333882697e-04 0) (0 0 -2.7508916662e-01)))
  (4.9963900000e+00  ((0.0000000000e+00 6.8164296821e-04 0) (0 0 -2.7550405281e-01)))
  (4.9964600000e+00  ((0.0000000000e+00 7.1994710945e-04 0) (0 0 -2.7591893900e-01)))
  (4.9965300000e+00  ((0.0000000000e+00 7.5825125069e-04 0) (0 0 -2.7633382519e-01)))
  (4.9966000000e+00  ((0.0000000000e+00 7.9655539193e-04 0) (0 0 -2.7674871138e-01)))
  (4.9966700000e+00  ((0.0000000000e+00 8.3485953317e-04 0) (0 0 -2.7716359757e-01)))
  (4.9967400000e+00  ((0.0000000000e+00 8.7316367442e-04 0) (0 0 -2.7757848376e-01)))
  (4.9968100000e+00  ((0.0000000000e+00 9.1146781566e-04 0) (0 0 -2.7799336995e-01)))
  (4.9968800000e+00  ((0.0000000000e+00 9.4977195690e-04 0) (0 0 -2.7840825614e-01)))
  (4.9969500000e+00  ((0.0000000000e+00 9.8807609814e-04 0) (0 0 -2.7882314233e-01)))
  (4.9970200000e+00  ((0.0000000000e+00 1.0263802394e-03 0) (0 0 -2.7923802852e-01)))
  (4.9970900000e+00  ((0.0000000000e+00 1.0646843806e-03 0) (0 0 -2.7965291471e-01)))
  (4.9971600000e+00  ((0.0000000000e+00 1.1029885219e-03 0) (0 0 -2.8006780090e-01)))
  (4.9972300000e+00  ((0.0000000000e+00 1.1412926631e-03 0) (0 0 -2.8048268709e-01)))
  (4.9973000000e+00  ((0.0000000000e+00 1.1795968043e-03 0) (0 0 -2.8089757328e-01)))
  (4.9973700000e+00  ((0.0000000000e+00 1.2179009456e-03 0) (0 0 -2.8131245947e-01)))
  (4.9974400000e+00  ((0.0000000000e+00 1.2562050868e-03 0) (0 0 -2.8172734566e-01)))
  (4.9975100000e+00  ((0.0000000000e+00 1.2945092281e-03 0) (0 0 -2.8214223185e-01)))
  (4.9975800000e+00  ((0.0000000000e+00 1.3328133693e-03 0) (0 0 -2.8255711804e-01)))
  (4.9976500000e+00  ((0.0000000000e+00 1.3711175105e-03 0) (0 0 -2.8297200423e-01)))
  (4.9977200000e+00  ((0.0000000000e+00 1.4094216518e-03 0) (0 0 -2.8338689042e-01)))
  (4.9977900000e+00  ((0.0000000000e+00 1.4477257930e-03 0) (0 0 -2.8380177661e-01)))
  (4.9978600000e+00  ((0.0000000000e+00 1.4860299343e-03 0) (0 0 -2.8421666280e-01)))
  (4.9979300000e+00  ((0.0000000000e+00 1.5243340755e-03 0) (0 0 -2.8463154899e-01)))
  (4.9980000000e+00  ((0.0000000000e+00 1.5626382167e-03 0) (0 0 -2.8504643518e-01)))
  (4.9980700000e+00  ((0.0000000000e+00 1.6009423580e-03 0) (0 0 -2.8546132137e-01)))
  (4.9981400000e+00  ((0.0000000000e+00 1.6392464992e-03 0) (0 0 -2.8587620756e-01)))
  (4.9982100000e+00  ((0.0000000000e+00 1.6775506405e-03 0) (0 0 -2.8629109375e-01)))
  (4.9982800000e+00  ((0.0000000000e+00 1.7158547817e-03 0) (0 0 -2.8670597994e-01)))
  (4.9983500000e+00  ((0.0000000000e+00 1.7541589229e-03 0) (0 0 -2.8712086613e-01)))
  (4.9984200000e+00  ((0.0000000000e+00 1.7924630642e-03 0) (0 0 -2.8753575232e-01)))
  (4.9984900000e+00  ((0.0000000000e+00 1.8307672054e-03 0) (0 0 -2.8795063851e-01)))
  (4.9985600000e+00  ((0.0000000000e+00 1.8690713467e-03 0) (0 0 -2.8836552470e-01)))
  (4.9986300000e+00  ((0.0000000000e+00 1.9073754879e-03 0) (0 0 -2.8878041089e-01)))
  (4.9987000000e+00  ((0.0000000000e+00 1.9456796291e-03 0) (0 0 -2.8919529708e-01)))
  (4.9987700000e+00  ((0.0000000000e+00 1.9839837704e-03 0) (0 0 -2.8961018327e-01)))
  (4.9988400000e+00  ((0.0000000000e+00 2.0222879116e-03 0) (0 0 -2.9002506946e-01)))
  (4.9989100000e+00  ((0.0000000000e+00 2.0605920529e-03 0) (0 0 -2.9043995565e-01)))
  (4.9989800000e+00  ((0.0000000000e+00 2.0988961941e-03 0) (0 0 -2.9085484184e-01)))
  (4.9990500000e+00  ((0.0000000000e+00 2.1372003353e-03 0) (0 0 -2.9126972803e-01)))
  (4.9991200000e+00  ((0.0000000000e+00 2.1755044766e-03 0) (0 0 -2.9168461422e-01)))
  (4.9991900000e+00  ((0.0000000000e+00 2.2138086178e-03 0) (0 0 -2.9209950041e-01)))
  (4.9992600000e+00  ((0.0000000000e+00 2.2521127591e-03 0) (0 0 -2.9251438660e-01)))
  (4.9993300000e+00  ((0.0000000000e+00 2.2904169003e-03 0) (0 0 -2.9292927279e-01)))
  (4.9994000000e+00  ((0.0000000000e+00 2.3287210415e-03 0) (0 0 -2.9334415898e-01)))
  (4.9994700000e+00  ((0.0000000000e+00 2.3670251828e-03 0) (0 0 -2.9375904517e-01)))
  (4.9995400000e+00  ((0.0000000000e+00 2.4053293240e-03 0) (0 0 -2.9417393136e-01)))
  (4.9996100000e+00  ((0.0000000000e+00 2.4436334653e-03 0) (0 0 -2.9458881755e-01)))
  (4.9996800000e+00  ((0.0000000000e+00 2.4819376065e-03 0) (0 0 -2.9500370374e-01)))
  (4.9997500000e+00  ((0.0000000000e+00 2.5202417477e-03 0) (0 0 -2.9541858993e-01)))
  (4.9998200000e+00  ((0.0000000000e+00 2.5585458890e-03 0) (0 0 -2.9583347612e-01)))
  (4.9998900000e+00  ((0.0000000000e+00 2.5968500302e-03 0) (0 0 -2.9624836231e-01)))
  (4.9999600000e+00  ((0.0000000000e+00 2.6351541715e-03 0) (0 0 -2.9666324850e-01)))
  (5.0000300000e+00  ((0.0000000000e+00 2.6734583127e-03 0) (0 0 -2.9707813469e-01)))
  (5.0200200000e+00  ((0.0000000000e+00 2.6734583127e-03 0) (0 0 -2.9707813469e-01)))
)
