/*--------------------------------*- C++ -*----------------------------------*\
  =========                 |
  \\      /  F ield         | OpenFOAM: The Open Source CFD Toolbox
   \\    /   O peration     | Website:  https://openfoam.org
    \\  /    A nd           | Version:  7
     \\/     M anipulation  |
\*---------------------------------------------------------------------------*/
FoamFile
{
    version     2.0;
    format      binary;
    class       cellSet;
    location    "constant/polyMesh/sets";
    object      c_flap;
}
// * * * * * * * * * * * * * * * * * * * * * * * * * * * * * * * * * * * * * //


761
(
33804 
33805 
33806 
33807 
33808 
33809 
33846 
33847 
33848 
33849 
33850 
33851 
33867 
33868 
33869 
33900 
33901 
33902 
33903 
33904 
33905 
33906 
33907 
33908 
33909 
33910 
33911 
33945 
33946 
33947 
33960 
33961 
33962 
33963 
33964 
33965 
37623 
37624 
37625 
38532 
38533 
38534 
38535 
38536 
38537 
38538 
38539 
38540 
38541 
38542 
38543 
38544 
38545 
38546 
38553 
38554 
38555 
38556 
38557 
38558 
38559 
38560 
38561 
38562 
38563 
38564 
38565 
38566 
38567 
38568 
38569 
38570 
38571 
38572 
38573 
38574 
38575 
38576 
38577 
38578 
38579 
38580 
38581 
38582 
38586 
38587 
38588 
38589 
38590 
38591 
38592 
38593 
38594 
38595 
38596 
38597 
38598 
38599 
38600 
38601 
38602 
38603 
38604 
38605 
38606 
38613 
38614 
38615 
38616 
38617 
38618 
38619 
38620 
38621 
38622 
38623 
38624 
38625 
38626 
38627 
38628 
38629 
38630 
38631 
38632 
38633 
38634 
38635 
38636 
38637 
38638 
38639 
38640 
38641 
38642 
38643 
38644 
38645 
38646 
38647 
38648 
38649 
38650 
38651 
38652 
38653 
38654 
38655 
38656 
38657 
38658 
38659 
38660 
38661 
38662 
38663 
38664 
38665 
38666 
38667 
38668 
38669 
38673 
38674 
38675 
38676 
38677 
38678 
38682 
38683 
38684 
38685 
38686 
38687 
38688 
38689 
38690 
38691 
38692 
38693 
38694 
38695 
38696 
38697 
38698 
38699 
38700 
38701 
38702 
38703 
38704 
38705 
38706 
38707 
38708 
38709 
38710 
38711 
38712 
38713 
38714 
38715 
38716 
38717 
38718 
38719 
38720 
38721 
38722 
38723 
38724 
38725 
38726 
38727 
38728 
38729 
38730 
38731 
38732 
38733 
38734 
38735 
38736 
38737 
38738 
38739 
38740 
38741 
38742 
38743 
38744 
38745 
38746 
38747 
38748 
38749 
38750 
38751 
38752 
38753 
38754 
38755 
38756 
38757 
38758 
38759 
38760 
38761 
38762 
38763 
38764 
38765 
38766 
38767 
38768 
38769 
38770 
38771 
38772 
38773 
38774 
38775 
38776 
38777 
38778 
38779 
38780 
38781 
38782 
38783 
38784 
38785 
38786 
38787 
38788 
38789 
38790 
38791 
38792 
38793 
38794 
38795 
38796 
38797 
38798 
38799 
38800 
38801 
38802 
38803 
38804 
38805 
38806 
38807 
38808 
38809 
38810 
38811 
38812 
38813 
38814 
38815 
38816 
7855 
7975 
28808 
28809 
28813 
28814 
28815 
28820 
28875 
28876 
28925 
28930 
28936 
28937 
28938 
28940 
28941 
28942 
28943 
28957 
28976 
28977 
28978 
29004 
29005 
29006 
29007 
29008 
29009 
29073 
29074 
29075 
29076 
29077 
29078 
29079 
29080 
29081 
29086 
29087 
29088 
29089 
29090 
29091 
29092 
29093 
29094 
29095 
29096 
29097 
29098 
29099 
29100 
29112 
29118 
29119 
29120 
29121 
29122 
29123 
29129 
29130 
29162 
29163 
29164 
29165 
29166 
29167 
29219 
29220 
29221 
29223 
29224 
29226 
29231 
29232 
29233 
29234 
29235 
29236 
29237 
29238 
29239 
29240 
29241 
29242 
29243 
29262 
29263 
29264 
29265 
29266 
29267 
29268 
29269 
29270 
29271 
29296 
29297 
29298 
29299 
29300 
29301 
29407 
29408 
29409 
29411 
29412 
29414 
29430 
29431 
29432 
29433 
29434 
29435 
29436 
29437 
29438 
29439 
29440 
29441 
29442 
29443 
29444 
29445 
29446 
29447 
29448 
29449 
29451 
29452 
29453 
29475 
29476 
29477 
29517 
29518 
29519 
29520 
29521 
29525 
29526 
29527 
29528 
29544 
29545 
29546 
29569 
29570 
29571 
29572 
29573 
29574 
29647 
29648 
29649 
29650 
29651 
29652 
29653 
29654 
29655 
29668 
29669 
29670 
29671 
29672 
29673 
29674 
29675 
29676 
29677 
29678 
29679 
29680 
29681 
29682 
29725 
29726 
29727 
29776 
29777 
29778 
29779 
29780 
29781 
29782 
29784 
29785 
29786 
29787 
29788 
29793 
29794 
29795 
29796 
29797 
29798 
29799 
29800 
29833 
29834 
29835 
29836 
29837 
29838 
29839 
29840 
29841 
29842 
29843 
29844 
29845 
29846 
29847 
29848 
29849 
29850 
29851 
29852 
29899 
29900 
29901 
30080 
30081 
30082 
30083 
30084 
30085 
30086 
30087 
30088 
30089 
30120 
30121 
30122 
30123 
30124 
30125 
30126 
30127 
30128 
30129 
30130 
30131 
30132 
30133 
30134 
30135 
30136 
30137 
30138 
30139 
30140 
30141 
30142 
30143 
30144 
30145 
30146 
30153 
30154 
30155 
30156 
30157 
30158 
30159 
30160 
30161 
30162 
30163 
30164 
30168 
30169 
30170 
30171 
30172 
30173 
30174 
30175 
30176 
30177 
30178 
30179 
30180 
30181 
30182 
30183 
30184 
30185 
30186 
30187 
30188 
31470 
31471 
31472 
31611 
31612 
31613 
31662 
31663 
31664 
31669 
31670 
31671 
31672 
31683 
31684 
31685 
31686 
31687 
31688 
31692 
31693 
31694 
31722 
31723 
31724 
31746 
31747 
31748 
31749 
31750 
31751 
31791 
31792 
31793 
31794 
31795 
31796 
31797 
31798 
31799 
31836 
31837 
31838 
31839 
31840 
31841 
31842 
31843 
31844 
31845 
31846 
31847 
31848 
31849 
31850 
31851 
31852 
31853 
31854 
31855 
31856 
31857 
31858 
31859 
31878 
31879 
31880 
31890 
31891 
31892 
31893 
31894 
31895 
31896 
31897 
31898 
31899 
31900 
31901 
31902 
31903 
31904 
31932 
31933 
31934 
31977 
31978 
31979 
31980 
31981 
31983 
31984 
31985 
31998 
31999 
32000 
32001 
32002 
32003 
32004 
32005 
32006 
32007 
32008 
32009 
32010 
32011 
32012 
32040 
32041 
32042 
32043 
32044 
32045 
32076 
32077 
32078 
32151 
32152 
32153 
32175 
32176 
32177 
32178 
32179 
32180 
32181 
32182 
32183 
32184 
32185 
32186 
32187 
32188 
32189 
32190 
32191 
32192 
32193 
32194 
32195 
32247 
32248 
32249 
32259 
32260 
32261 
32262 
32263 
32264 
32265 
32266 
32267 
32268 
32269 
32270 
32271 
32272 
32273 
32274 
32275 
32276 
32733 
32734 
32735 
)

// ************************************************************************* //
