/*--------------------------------*- C++ -*----------------------------------*\
  =========                 |
  \\      /  F ield         | OpenFOAM: The Open Source CFD Toolbox
   \\    /   O peration     | Website:  https://openfoam.org
    \\  /    A nd           | Version:  7
     \\/     M anipulation  |
\*---------------------------------------------------------------------------*/
FoamFile
{
    version     2.0;
    format      binary;
    class       cellSet;
    location    "constant/polyMesh/sets";
    object      wingZone;
}
// * * * * * * * * * * * * * * * * * * * * * * * * * * * * * * * * * * * * * //


3280
(
33795 
33796 
33801 
33802 
33804 
33805 
33806 
33807 
33810 
33811 
33812 
33813 
33814 
33815 
33816 
33817 
33818 
33819 
33820 
33822 
33823 
33824 
33828 
33829 
33830 
33831 
33832 
33833 
33837 
33838 
33839 
33841 
33842 
33843 
33844 
33845 
33846 
33847 
33848 
33849 
33850 
33851 
33852 
33853 
33854 
33855 
33856 
33857 
33861 
33862 
33863 
33867 
33868 
33869 
33870 
33871 
33872 
33874 
33875 
33876 
33877 
33880 
33881 
33882 
33883 
33886 
33887 
33889 
33890 
33891 
33892 
33894 
33895 
33897 
33898 
33899 
33900 
33901 
33902 
33903 
33904 
33905 
33906 
33907 
33908 
33909 
33910 
33911 
33915 
33916 
33917 
33921 
33922 
33925 
33926 
33927 
33928 
33929 
33930 
33931 
33932 
33933 
33934 
33935 
33936 
33937 
33938 
33939 
33940 
33941 
33942 
33943 
33944 
33945 
33946 
33947 
33948 
33949 
33950 
33951 
33952 
33953 
33954 
33955 
33956 
33957 
33958 
33959 
33960 
33961 
33962 
33963 
33964 
33965 
28795 
28808 
28809 
28813 
28814 
28815 
28820 
28821 
28822 
28824 
28827 
28828 
28835 
28836 
28837 
28838 
28839 
28847 
28848 
28849 
28850 
28858 
28859 
28860 
28861 
28866 
28867 
28868 
28869 
28870 
28875 
28876 
28877 
28878 
28879 
28880 
28881 
28882 
28884 
28885 
28886 
28887 
28889 
28890 
28891 
28892 
28893 
28894 
28896 
28897 
28898 
28899 
28901 
28902 
28904 
28905 
28906 
28907 
28908 
28909 
28911 
28912 
28913 
28914 
28916 
28917 
28919 
28920 
28921 
28922 
28923 
28924 
28925 
28926 
28928 
28929 
28930 
28931 
28932 
28933 
28934 
28935 
28936 
28937 
28938 
28940 
28941 
28942 
28943 
28947 
28948 
28949 
28950 
28951 
28955 
28956 
28957 
28958 
28959 
28960 
28961 
28962 
28963 
28964 
28965 
28966 
28968 
28969 
28971 
28972 
28973 
28974 
28976 
28977 
28978 
28981 
28982 
28985 
28986 
28987 
28988 
28989 
28990 
28991 
28992 
28993 
28994 
28995 
28996 
28997 
28998 
28999 
29000 
29001 
29002 
29003 
29004 
29005 
29006 
29007 
29008 
29009 
29010 
29011 
29012 
29013 
29014 
29015 
29016 
29017 
29018 
29019 
29020 
29021 
29022 
29023 
29024 
29025 
29026 
29027 
29028 
29029 
29030 
29031 
29032 
29033 
29034 
29039 
29040 
29042 
29045 
29046 
29047 
29048 
29049 
29050 
29051 
29052 
29053 
29055 
29056 
29057 
29058 
29059 
29060 
29061 
29062 
29063 
29064 
29065 
29066 
29067 
29068 
29069 
29070 
29071 
29072 
29073 
29074 
29075 
29076 
29077 
29078 
29079 
29080 
29081 
29082 
29083 
29084 
29085 
29086 
29087 
29088 
29089 
29090 
29091 
29092 
29093 
29094 
29095 
29096 
29097 
29098 
29099 
29100 
29101 
29102 
29103 
29112 
29116 
29117 
29118 
29119 
29120 
29121 
29122 
29123 
29124 
29125 
29127 
29128 
29129 
29130 
29135 
29136 
29139 
29140 
29141 
29142 
29143 
29144 
29145 
29146 
29147 
29148 
29149 
29150 
29151 
29152 
29153 
29154 
29155 
29156 
29157 
29158 
29159 
29160 
29161 
29162 
29163 
29164 
29165 
29166 
29167 
29168 
29169 
29170 
29171 
29172 
29173 
29174 
29175 
29176 
29177 
29178 
29179 
29180 
29181 
29182 
29183 
29184 
29185 
29186 
29187 
29188 
29189 
29190 
29191 
29192 
29193 
29194 
29195 
29196 
29197 
29198 
29199 
29200 
29201 
29202 
29203 
29204 
29205 
29206 
29207 
29208 
29209 
29210 
29211 
29212 
29213 
29214 
29215 
29216 
29217 
29218 
29219 
29220 
29221 
29222 
29223 
29224 
29225 
29226 
29227 
29228 
29229 
29230 
29231 
29232 
29233 
29234 
29235 
29236 
29237 
29238 
29239 
29240 
29241 
29242 
29243 
29244 
29245 
29246 
29247 
29248 
29249 
29250 
29251 
29252 
29253 
29254 
29255 
29256 
29257 
29258 
29259 
29260 
29261 
29262 
29263 
29264 
29265 
29266 
29267 
29268 
29269 
29270 
29271 
29272 
29273 
29274 
29275 
29276 
29277 
29278 
29279 
29280 
29281 
29282 
29283 
29284 
29285 
29286 
29287 
29288 
29289 
29290 
29291 
29292 
29293 
29294 
29295 
29296 
29297 
29298 
29299 
29300 
29301 
29302 
29303 
29304 
29305 
29306 
29307 
29308 
29309 
29310 
29311 
29312 
29313 
29314 
29315 
29316 
29317 
29318 
29319 
29320 
29321 
29322 
29323 
29324 
29325 
29326 
29327 
29328 
29329 
29330 
29331 
29332 
29333 
29334 
29335 
29336 
29337 
29338 
29339 
29340 
29341 
29342 
29343 
29344 
29345 
29346 
29347 
29348 
29349 
29350 
29351 
29352 
29353 
29354 
29355 
29356 
29357 
29358 
29359 
29360 
29361 
29362 
29363 
29364 
29365 
29366 
29367 
29368 
29369 
29370 
29371 
29372 
29373 
29374 
29375 
29376 
29377 
29378 
29379 
29380 
29381 
29382 
29383 
29384 
29385 
29386 
29387 
29388 
29389 
29390 
29391 
29392 
29393 
29394 
29395 
29396 
29397 
29398 
29399 
29400 
29401 
29402 
29403 
29404 
29405 
29406 
29407 
29408 
29409 
29410 
29411 
37604 
29412 
37605 
29413 
29414 
29415 
37608 
29416 
37609 
29417 
37610 
29418 
37611 
29419 
37612 
29420 
37613 
29421 
37614 
29422 
37615 
29423 
37616 
29424 
37617 
29425 
37618 
29426 
37619 
29427 
29428 
37621 
29429 
37622 
29430 
29431 
29432 
37625 
29433 
29434 
29435 
29436 
37629 
29437 
37630 
29438 
29439 
29440 
29441 
29442 
37635 
29443 
37636 
29444 
29445 
29446 
37639 
29447 
37640 
29448 
29449 
37642 
29450 
37643 
29451 
37644 
29452 
37645 
29453 
37646 
29454 
29455 
29456 
29457 
37650 
29458 
37651 
29459 
37652 
29460 
29461 
29462 
29463 
37656 
29464 
37657 
29465 
37658 
29466 
37659 
29467 
37660 
29468 
37661 
29469 
37662 
29470 
37663 
29471 
37664 
29472 
37665 
29473 
37666 
29474 
37667 
29475 
37668 
29476 
37669 
29477 
37670 
29478 
37671 
29479 
37672 
29480 
37673 
29481 
37674 
29482 
37675 
29483 
37676 
29484 
37677 
29485 
37678 
29486 
37679 
29487 
37680 
29488 
37681 
29489 
37682 
29490 
37683 
29491 
37684 
29492 
37685 
29493 
37686 
29494 
37687 
29495 
37688 
29496 
37689 
29497 
37690 
29498 
37691 
29499 
37692 
29500 
37693 
29501 
37694 
29502 
37695 
29503 
37696 
29504 
37697 
29505 
37698 
29506 
37699 
29507 
37700 
29508 
37701 
29509 
37702 
29510 
37703 
29511 
37704 
29512 
37705 
29513 
37706 
29514 
37707 
29515 
37708 
29516 
37709 
29517 
37710 
29518 
37711 
29519 
37712 
29520 
37713 
29521 
37714 
29522 
37715 
29523 
37716 
29524 
37717 
29525 
37718 
29526 
37719 
29527 
37720 
29528 
37721 
29529 
37722 
29530 
37723 
29531 
37724 
29532 
37725 
29533 
37726 
29534 
37727 
29535 
37728 
29536 
37729 
29537 
37730 
29538 
37731 
29539 
37732 
29540 
37733 
29541 
37734 
29542 
37735 
29543 
37736 
29544 
37737 
29545 
37738 
29546 
37739 
29547 
37740 
29548 
37741 
29549 
37742 
29550 
37743 
29551 
37744 
29552 
37745 
29553 
37746 
29554 
37747 
29555 
37748 
29556 
37749 
29557 
37750 
29558 
37751 
29559 
37752 
29560 
37753 
29561 
37754 
29562 
37755 
29563 
37756 
29564 
37757 
29565 
37758 
29566 
37759 
29567 
37760 
29568 
37761 
29569 
37762 
29570 
37763 
29571 
37764 
29572 
37765 
29573 
37766 
29574 
37767 
29575 
37768 
29576 
37769 
29577 
37770 
29578 
37771 
29579 
37772 
29580 
37773 
29581 
37774 
29582 
37775 
29583 
37776 
29584 
37777 
29585 
37778 
29586 
37779 
29587 
37780 
29588 
37781 
29589 
37782 
29590 
37783 
29591 
37784 
29592 
37785 
29593 
37786 
29594 
37787 
29595 
37788 
29596 
37789 
29597 
37790 
29598 
37791 
29599 
37792 
29600 
37793 
29601 
37794 
29602 
37795 
29603 
37796 
29604 
37797 
29605 
37798 
29606 
37799 
29607 
37800 
29608 
37801 
29609 
37802 
29610 
37803 
29611 
37804 
29612 
37805 
29613 
37806 
29614 
37807 
29615 
37808 
29616 
37809 
29617 
37810 
29618 
37811 
29619 
37812 
29620 
37813 
29621 
37814 
29622 
37815 
29623 
37816 
29624 
37817 
29625 
37818 
29626 
37819 
29627 
37820 
29628 
37821 
29629 
37822 
29630 
37823 
29631 
37824 
29632 
37825 
29633 
37826 
29634 
37827 
29635 
37828 
29636 
37829 
29637 
37830 
29638 
37831 
29639 
37832 
29640 
37833 
29641 
37834 
29642 
37835 
29643 
37836 
29644 
37837 
29645 
37838 
29646 
37839 
29647 
37840 
29648 
37841 
29649 
37842 
29650 
37843 
29651 
37844 
29652 
37845 
29653 
37846 
29654 
37847 
29655 
37848 
29656 
37849 
29657 
37850 
29658 
37851 
29659 
37852 
29660 
37853 
29661 
37854 
29662 
37855 
29663 
37856 
29664 
37857 
29665 
37858 
29666 
37859 
29667 
37860 
29668 
37861 
29669 
37862 
29670 
37863 
29671 
37864 
29672 
37865 
29673 
37866 
29674 
37867 
29675 
37868 
29676 
37869 
29677 
37870 
29678 
37871 
29679 
37872 
29680 
37873 
29681 
37874 
29682 
37875 
29683 
37876 
29684 
37877 
29685 
37878 
29686 
37879 
29687 
37880 
29688 
37881 
29689 
37882 
29690 
37883 
29691 
37884 
29692 
37885 
29693 
37886 
29694 
37887 
29695 
37888 
29696 
37889 
29697 
37890 
29698 
37891 
29699 
37892 
29700 
37893 
29701 
37894 
29702 
37895 
29703 
37896 
29704 
37897 
29705 
37898 
29706 
37899 
29707 
37900 
29708 
37901 
29709 
37902 
29710 
37903 
29711 
37904 
29712 
37905 
29713 
37906 
29714 
37907 
29715 
37908 
29716 
37909 
29717 
37910 
29718 
37911 
29719 
37912 
29720 
37913 
29721 
37914 
29722 
37915 
29723 
37916 
29724 
37917 
29725 
37918 
29726 
37919 
29727 
37920 
29728 
37921 
29729 
37922 
29730 
37923 
29731 
37924 
29732 
37925 
29733 
37926 
29734 
37927 
29735 
37928 
29736 
37929 
29737 
37930 
29738 
37931 
29739 
37932 
29740 
37933 
29741 
37934 
29742 
37935 
29743 
37936 
29744 
37937 
29745 
37938 
29746 
37939 
29747 
37940 
29748 
37941 
29749 
37942 
29750 
37943 
29751 
37944 
29752 
37945 
29753 
37946 
29754 
37947 
29755 
37948 
29756 
37949 
29757 
37950 
29758 
37951 
29759 
37952 
29760 
37953 
29761 
37954 
29762 
37955 
29763 
37956 
29764 
37957 
29765 
37958 
29766 
37959 
29767 
37960 
29768 
37961 
29769 
37962 
29770 
37963 
29771 
37964 
29772 
37965 
29773 
37966 
29774 
37967 
29775 
37968 
29776 
37969 
29777 
37970 
29778 
37971 
29779 
37972 
29780 
37973 
29781 
37974 
29782 
37975 
29783 
37976 
29784 
37977 
29785 
37978 
29786 
37979 
29787 
37980 
29788 
37981 
29789 
37982 
29790 
37983 
29791 
37984 
29792 
37985 
29793 
37986 
29794 
37987 
29795 
37988 
29796 
37989 
29797 
37990 
29798 
37991 
29799 
37992 
29800 
37993 
29801 
37994 
29802 
37995 
29803 
37996 
29804 
37997 
29805 
37998 
29806 
37999 
29807 
38000 
29808 
38001 
29809 
38002 
29810 
38003 
29811 
38004 
29812 
38005 
29813 
38006 
29814 
38007 
29815 
38008 
29816 
38009 
29817 
38010 
29818 
38011 
29819 
38012 
29820 
38013 
29821 
38014 
29822 
38015 
29823 
38016 
29824 
38017 
29825 
38018 
29826 
38019 
29827 
38020 
29828 
38021 
29829 
38022 
29830 
38023 
29831 
38024 
29832 
38025 
29833 
38026 
29834 
38027 
29835 
38028 
29836 
38029 
29837 
38030 
29838 
38031 
29839 
38032 
29840 
38033 
29841 
38034 
29842 
38035 
29843 
38036 
29844 
38037 
29845 
38038 
29846 
38039 
29847 
38040 
29848 
38041 
29849 
38042 
29850 
38043 
29851 
38044 
29852 
38045 
29853 
38046 
29854 
38047 
29855 
38048 
29856 
38049 
29857 
38050 
29858 
38051 
29859 
38052 
29860 
38053 
29861 
38054 
29862 
38055 
29863 
38056 
29864 
38057 
29865 
38058 
29866 
38059 
29867 
38060 
29868 
38061 
29869 
38062 
29870 
38063 
29871 
38064 
29872 
38065 
29873 
38066 
29874 
38067 
29875 
38068 
29876 
38069 
29877 
38070 
29878 
38071 
29879 
38072 
29880 
38073 
29881 
38074 
29882 
38075 
29883 
38076 
29884 
38077 
29885 
38078 
29886 
38079 
29887 
38080 
29888 
38081 
29889 
38082 
29890 
38083 
29891 
38084 
29892 
38085 
29893 
38086 
29894 
38087 
29895 
38088 
29896 
38089 
29897 
38090 
29898 
38091 
29899 
38092 
29900 
38093 
29901 
38094 
29902 
38095 
29903 
38096 
29904 
38097 
29905 
38098 
29906 
38099 
29907 
38100 
29908 
38101 
29909 
38102 
29910 
38103 
29911 
38104 
29912 
38105 
29913 
38106 
29914 
38107 
29915 
38108 
29916 
38109 
29917 
38110 
29918 
38111 
29919 
38112 
29920 
38113 
29921 
38114 
29922 
38115 
29923 
38116 
29924 
38117 
29925 
38118 
29926 
38119 
29927 
38120 
29928 
38121 
29929 
38122 
29930 
38123 
29931 
38124 
29932 
38125 
29933 
38126 
29934 
38127 
29935 
38128 
29936 
38129 
29937 
38130 
29938 
38131 
29939 
38132 
29940 
38133 
29941 
38134 
29942 
38135 
29943 
38136 
29944 
38137 
29945 
38138 
29946 
38139 
29947 
38140 
29948 
38141 
29949 
38142 
29950 
38143 
29951 
38144 
29952 
38145 
29953 
38146 
29954 
38147 
29955 
38148 
29956 
38149 
29957 
38150 
29958 
38151 
29959 
38152 
29960 
38153 
29961 
38154 
29962 
38155 
29963 
38156 
29964 
38157 
29965 
38158 
29966 
38159 
29967 
38160 
29968 
38161 
29969 
38162 
29970 
38163 
29971 
38164 
29972 
38165 
29973 
38166 
29974 
38167 
29975 
38168 
29976 
38169 
29977 
38170 
29978 
38171 
29979 
38172 
29980 
38173 
29981 
38174 
29982 
38175 
29983 
38176 
29984 
38177 
29985 
38178 
29986 
38179 
29987 
38180 
29988 
38181 
29989 
38182 
29990 
38183 
29991 
38184 
29992 
38185 
29993 
38186 
29994 
38187 
29995 
38188 
29996 
38189 
29997 
38190 
29998 
38191 
29999 
38192 
30000 
38193 
30001 
38194 
30002 
38195 
30003 
38196 
30004 
38197 
30005 
38198 
30006 
38199 
30007 
38200 
30008 
38201 
30009 
38202 
30010 
38203 
30011 
38204 
30012 
38205 
30013 
38206 
30014 
38207 
30015 
38208 
30016 
38209 
30017 
38210 
30018 
38211 
30019 
38212 
30020 
38213 
30021 
38214 
30022 
38215 
30023 
38216 
30024 
38217 
30025 
38218 
30026 
38219 
30027 
38220 
30028 
38221 
30029 
38222 
30030 
38223 
30031 
38224 
30032 
38225 
30033 
38226 
30034 
38227 
30035 
38228 
30036 
38229 
30037 
38230 
30038 
38231 
30039 
38232 
30040 
38233 
30041 
38234 
30042 
38235 
30043 
38236 
30044 
38237 
30045 
38238 
30046 
38239 
30047 
38240 
30048 
38241 
30049 
38242 
30050 
38243 
30051 
38244 
30052 
38245 
30053 
38246 
30054 
38247 
30055 
38248 
30056 
38249 
30057 
38250 
30058 
38251 
30059 
38252 
30060 
38253 
30061 
38254 
30062 
38255 
30063 
38256 
30064 
38257 
30065 
38258 
30066 
38259 
30067 
38260 
30068 
38261 
30069 
38262 
30070 
38263 
30071 
38264 
30072 
38265 
30073 
38266 
30074 
38267 
30075 
38268 
30076 
38269 
30077 
38270 
30078 
38271 
30079 
38272 
30080 
38273 
30081 
38274 
30082 
38275 
30083 
38276 
30084 
38277 
30085 
38278 
30086 
38279 
30087 
38280 
30088 
38281 
30089 
38282 
30090 
38283 
30091 
38284 
30092 
38285 
30093 
38286 
30094 
38287 
30095 
38288 
30096 
38289 
30097 
38290 
30098 
38291 
30099 
38292 
30100 
38293 
30101 
38294 
30102 
38295 
30103 
38296 
30104 
38297 
30105 
38298 
30106 
38299 
30107 
38300 
30108 
38301 
30109 
38302 
30110 
38303 
30111 
38304 
30112 
38305 
30113 
38306 
30114 
38307 
30115 
38308 
30116 
38309 
30117 
38310 
30118 
38311 
30119 
38312 
30120 
38313 
30121 
38314 
30122 
38315 
30123 
38316 
30124 
38317 
30125 
38318 
30126 
38319 
30127 
38320 
30128 
38321 
30129 
38322 
30130 
38323 
30131 
38324 
30132 
38325 
30133 
38326 
30134 
38327 
30135 
38328 
30136 
38329 
30137 
38330 
30138 
38331 
30139 
38332 
30140 
38333 
30141 
38334 
30142 
38335 
30143 
38336 
30144 
38337 
30145 
38338 
30146 
38339 
30147 
38340 
30148 
38341 
30149 
38342 
30150 
38343 
30151 
38344 
30152 
38345 
30153 
38346 
30154 
38347 
30155 
38348 
30156 
38349 
30157 
38350 
30158 
38351 
30159 
38352 
38353 
38354 
38355 
38356 
30164 
38357 
30165 
38358 
30166 
38359 
30167 
38360 
30168 
38361 
30169 
38362 
30170 
38363 
30171 
38364 
30172 
38365 
30173 
38366 
30174 
38367 
30175 
38368 
30176 
38369 
30177 
38370 
30178 
38371 
30179 
38372 
30180 
38373 
30181 
38374 
30182 
38375 
30183 
38376 
30184 
38377 
30185 
38378 
30186 
38379 
30187 
38380 
30188 
38381 
38382 
38383 
38384 
38385 
38386 
38387 
38388 
38389 
38390 
38391 
38392 
38393 
38394 
38395 
38396 
38397 
38398 
38399 
38400 
38401 
38402 
38403 
38404 
38405 
38406 
38407 
38408 
38409 
38410 
38411 
38412 
38413 
38414 
38415 
38416 
38417 
38418 
38419 
38420 
38421 
38422 
38423 
38424 
38425 
38426 
38427 
38428 
38429 
38430 
38431 
38432 
38433 
38434 
38435 
38436 
38437 
38438 
38439 
38440 
38441 
38442 
38443 
38444 
38445 
38446 
38447 
38448 
38449 
38450 
38451 
38452 
38453 
38454 
38455 
38456 
38457 
38458 
38459 
38460 
38461 
38462 
38463 
38464 
38465 
38466 
38467 
38468 
38469 
38470 
38471 
38472 
38473 
38474 
38475 
38476 
38477 
38478 
38479 
38480 
38481 
38482 
38483 
38484 
38485 
38486 
38487 
38488 
38489 
38490 
38491 
38492 
38493 
38494 
38495 
38496 
38497 
38498 
38499 
38500 
38501 
38502 
38503 
38504 
38505 
38506 
38507 
38508 
38509 
38510 
38511 
38512 
38513 
38514 
38515 
38516 
38517 
38518 
38519 
38520 
38521 
38522 
38523 
38524 
38525 
38526 
38527 
38528 
38529 
38530 
38531 
38532 
38533 
38534 
38535 
38536 
38537 
38538 
38539 
38540 
38541 
38542 
38543 
38544 
38545 
38546 
38547 
38548 
38549 
38550 
38551 
38552 
38553 
38554 
38555 
38556 
38557 
38558 
38559 
38560 
38561 
38562 
38563 
38564 
38565 
38566 
38567 
38568 
38569 
38570 
38571 
38572 
38573 
38574 
38575 
38576 
38577 
38578 
38579 
38580 
38581 
38582 
38583 
38584 
38585 
38586 
38587 
38588 
38589 
38590 
38591 
38592 
38593 
38594 
38595 
38596 
38597 
38598 
38599 
38600 
38601 
38602 
38603 
38604 
38605 
38606 
38607 
38608 
38609 
38610 
38611 
38612 
38613 
38614 
38615 
38616 
38617 
38618 
38619 
38620 
38621 
38622 
38623 
38624 
38625 
38626 
38627 
38628 
38629 
38630 
38631 
38632 
38633 
38634 
38635 
38636 
38637 
38638 
38639 
38640 
38641 
38642 
38643 
38644 
38645 
38646 
38647 
38648 
38649 
38650 
38651 
38652 
38653 
38654 
38655 
38656 
38657 
38658 
38659 
38660 
38661 
38662 
38663 
38664 
38665 
38666 
38667 
38668 
38669 
38670 
38671 
38672 
38673 
38674 
38675 
38676 
38677 
38678 
38679 
38680 
38681 
38682 
38683 
38684 
38685 
38686 
38687 
38688 
38689 
38690 
38691 
38692 
38693 
38694 
38695 
38696 
38697 
38698 
38699 
38700 
38701 
38702 
38703 
38704 
38705 
38706 
38707 
38708 
38709 
38710 
38711 
38712 
38713 
38714 
38715 
38716 
38717 
38718 
38719 
38720 
38721 
38722 
38723 
38724 
38725 
38726 
38727 
38728 
38729 
38730 
38731 
38732 
38733 
30541 
38734 
30542 
38735 
38736 
38737 
38738 
38739 
38740 
38741 
38742 
38743 
38744 
38745 
38746 
38747 
38748 
38749 
38750 
38751 
38752 
38753 
38754 
38755 
38756 
38757 
38758 
38759 
38760 
38761 
38762 
38763 
38764 
38765 
38766 
30574 
38767 
30575 
38768 
38769 
38770 
38771 
38772 
38773 
38774 
38775 
38776 
38777 
38778 
38779 
38780 
38781 
38782 
38783 
38784 
38785 
38786 
38787 
38788 
38789 
38790 
38791 
38792 
38793 
38794 
38795 
38796 
38797 
38798 
38799 
38800 
30608 
38801 
38802 
38803 
30611 
38804 
38805 
38806 
38807 
38808 
38809 
38810 
38811 
38812 
38813 
38814 
38815 
38816 
31467 
31468 
31470 
31471 
31472 
31474 
31475 
31476 
31477 
31480 
31481 
31482 
31483 
31491 
31499 
31521 
31522 
31523 
31524 
31525 
31526 
31527 
31528 
31529 
31566 
31567 
31568 
31569 
31570 
31571 
31572 
31573 
31574 
31584 
31585 
31587 
31588 
31589 
31590 
31591 
31592 
31593 
31594 
31595 
31596 
31597 
31598 
31608 
31609 
31611 
31612 
31613 
31614 
31615 
31616 
31617 
31618 
31619 
31620 
31621 
31622 
31623 
31624 
31625 
31626 
31627 
31628 
31629 
31630 
31631 
31632 
31633 
31634 
31641 
31642 
31643 
31644 
31645 
31646 
31647 
31648 
31649 
31653 
31654 
31655 
31656 
31657 
31658 
31659 
31660 
31661 
31662 
31663 
31664 
31666 
31667 
31668 
31669 
31670 
31671 
31672 
31673 
31674 
31675 
31676 
31677 
31678 
31679 
31680 
31681 
31682 
31683 
31684 
31685 
31686 
31687 
31688 
31690 
31691 
31692 
31693 
31694 
31704 
31705 
31706 
31707 
31708 
31709 
31710 
31711 
31712 
31722 
31723 
31724 
31725 
31726 
31727 
31728 
31729 
31730 
31731 
31732 
31733 
31734 
31735 
31736 
31737 
31738 
31739 
31740 
31741 
31742 
31743 
31744 
31745 
31746 
31747 
31748 
31749 
31750 
31751 
31755 
31760 
31764 
31765 
31766 
31767 
31768 
31769 
31770 
31771 
31772 
31773 
31774 
31775 
31776 
31777 
31778 
31779 
31780 
31781 
31782 
31783 
31784 
31785 
31786 
31787 
31788 
31789 
31790 
31791 
31792 
31793 
31794 
31795 
31796 
31797 
31798 
31799 
31800 
31801 
31802 
31803 
31804 
31805 
31806 
31807 
31808 
31809 
31810 
31811 
31812 
31813 
31814 
31815 
31816 
31817 
31818 
31819 
31820 
31821 
31822 
31823 
31824 
31825 
31826 
31827 
31828 
31829 
31830 
31831 
31832 
31833 
31834 
31835 
7259 
31836 
31837 
31838 
31839 
31840 
31841 
31842 
31843 
31844 
31845 
31846 
31847 
31848 
31849 
31850 
31851 
31852 
31853 
31854 
31855 
31856 
31857 
31858 
31859 
31878 
31879 
31880 
31887 
31890 
31891 
31892 
31893 
31894 
31895 
31896 
31897 
31898 
31899 
31900 
31901 
31902 
31903 
31904 
31906 
31907 
31908 
31909 
31910 
31911 
31912 
31913 
31914 
31915 
31917 
31918 
31919 
31920 
31921 
31922 
31923 
31924 
31925 
31926 
31927 
31928 
31929 
31930 
31931 
31932 
31933 
31934 
31935 
31936 
31937 
31938 
31939 
31940 
31941 
31942 
31943 
31944 
31945 
31946 
31947 
31948 
31949 
31950 
31951 
31952 
31953 
31954 
7378 
31955 
31956 
31957 
31958 
31959 
31960 
31961 
31962 
31963 
31964 
31965 
31966 
31967 
31968 
31969 
31970 
31971 
31972 
31973 
31974 
31975 
31976 
31977 
31978 
31979 
31980 
31981 
31982 
31983 
31984 
31985 
31986 
31987 
31988 
31989 
31990 
31991 
31992 
31993 
31994 
31995 
31996 
31997 
31998 
31999 
32000 
32001 
32002 
32003 
32004 
32005 
32006 
32007 
32008 
32009 
32010 
32011 
32012 
32013 
32014 
32015 
32016 
32017 
32018 
32019 
32020 
32021 
32022 
32023 
32024 
32025 
32026 
32027 
32028 
32029 
32030 
32031 
32032 
32033 
32034 
32035 
32036 
32037 
32038 
32039 
32040 
32041 
32042 
32043 
32044 
32045 
32046 
32047 
32048 
32049 
32050 
32051 
32052 
32053 
32054 
32055 
32056 
32057 
32058 
32059 
32060 
32061 
32062 
32063 
32064 
32065 
32066 
32067 
32068 
32069 
32070 
32071 
32072 
32073 
32074 
32075 
32076 
32077 
32078 
32079 
32080 
32081 
32082 
32083 
32084 
32085 
32086 
32087 
32088 
32089 
32090 
32091 
32092 
32093 
32094 
32095 
32096 
32097 
32098 
32099 
32100 
32101 
32102 
32103 
32104 
32105 
32106 
32107 
32108 
32109 
32110 
32111 
32112 
32113 
32114 
32115 
32116 
32117 
32118 
32119 
32120 
32121 
32122 
32123 
32124 
32125 
32126 
32127 
32128 
32129 
32130 
32131 
32132 
32133 
32134 
32135 
32136 
32137 
32138 
32139 
32140 
32141 
32142 
32143 
32144 
32145 
32146 
32147 
32148 
32149 
32150 
32151 
32152 
32153 
32154 
32155 
32156 
32157 
32158 
32159 
32160 
32161 
32162 
32163 
32164 
32165 
32166 
32167 
32168 
32169 
32170 
32171 
32172 
32173 
32174 
32175 
32176 
32177 
32178 
32179 
32180 
32181 
32182 
32183 
32184 
32185 
32186 
32187 
32188 
32189 
32190 
32191 
32192 
32193 
32194 
32195 
32196 
32197 
32198 
32199 
32200 
32201 
32202 
32203 
32204 
32205 
32206 
32207 
32208 
32209 
32210 
32211 
32212 
32213 
32214 
32215 
32216 
32217 
32218 
32219 
32220 
32221 
32222 
32223 
32224 
32225 
32226 
32227 
32228 
32229 
32230 
32231 
32232 
32233 
32234 
32235 
32236 
32237 
32238 
32239 
32240 
32241 
32242 
32243 
32244 
32245 
32246 
32247 
32248 
32249 
32250 
32251 
32252 
32253 
32254 
32255 
32256 
32257 
32258 
32259 
32260 
32261 
32262 
32263 
32264 
32265 
32266 
32267 
32268 
32269 
32270 
32271 
32272 
32273 
32274 
32275 
32276 
7855 
7975 
32671 
32672 
32733 
32734 
32735 
)

// ************************************************************************* //
